part1
1,3.141400,100000000,78539404,3.14157616000000006196,accuracy=0.99999474992731018919
2,1.571814,100000000,78544376,3.14177504000000018536,accuracy=0.99994194460252550094
4,0.786621,100000000,78543219,3.14172875999999989816,accuracy=0.99995667598405824084
8,0.396894,100000000,78543928,3.14175711999999984769,accuracy=0.99994764871568608822
part2
1,0.000496,15625,12216,3.12729599999999985371,accuracy=0.99544923382302386017
2,0.000563,31250,24515,3.13791999999999982052,accuracy=0.99883095805384036758
4,0.000612,62500,49054,3.13945600000000002439,accuracy=0.99931988203901878087
8,0.001659,125000,98164,3.14124800000000004019,accuracy=0.99989029335506007801
16,0.003922,250000,196472,3.14355200000000012395,accuracy=0.99937632066717241308
32,0.006380,500000,392639,3.14111200000000012622,accuracy=0.99984700321053920913
